BIOMD0000000004
BIOMD0000000044
BIOMD0000000062
BIOMD0000000065
BIOMD0000000100
BIOMD0000000108
BIOMD0000000110
BIOMD0000000113
BIOMD0000000162
BIOMD0000000167
BIOMD0000000171
BIOMD0000000201
BIOMD0000000214
BIOMD0000000215
BIOMD0000000218
BIOMD0000000219
BIOMD0000000221
BIOMD0000000222
BIOMD0000000224
BIOMD0000000231
BIOMD0000000249
BIOMD0000000275
BIOMD0000000288
BIOMD0000000294
BIOMD0000000300
BIOMD0000000306
BIOMD0000000307
BIOMD0000000308
BIOMD0000000309
BIOMD0000000310
BIOMD0000000311
BIOMD0000000312
BIOMD0000000354
BIOMD0000000355
BIOMD0000000443
BIOMD0000000444
BIOMD0000000507
BIOMD0000000530
BIOMD0000000539
BIOMD0000000622
BIOMD0000000664
BIOMD0000000679
BIOMD0000000704
BIOMD0000000715
BIOMD0000000720
BIOMD0000000757
BIOMD0000000767
BIOMD0000000810
BIOMD0000000812
BIOMD0000000823
BIOMD0000000824
BIOMD0000000837
BIOMD0000000853
BIOMD0000000938
BIOMD0000000941
BIOMD0000000942
BIOMD0000001010
BIOMD0000001025